00.00 2
00.01 28
00.02 52
00.03 92
00.04 149
00.05 214
00.06 327
00.07 470
00.08 549
00.09 724
00.10 893
00.11 1032
00.12 1177
00.13 1435
00.14 1636
00.15 1828
00.16 2092
00.17 2430
00.18 2744
00.19 2927
00.20 3176
00.21 3564
00.22 3836
00.23 4152
00.24 4633
00.25 5013
00.26 5423
00.27 5829
00.28 6189
00.29 6720
00.30 7018
00.31 7604
00.32 8097
00.33 8525
00.34 9171
00.35 9658
00.36 10047
00.37 10584
00.38 11132
00.39 11997
00.40 12349
00.41 13250
00.42 13749
00.43 14171
00.44 15268
00.45 15661
00.46 16455
00.47 16958
00.48 18038
00.49 18419
00.50 19450
00.51 20227
00.52 20668
00.53 21476
00.54 22379
00.55 22790
00.56 24142
00.57 24765
00.58 25807
00.59 26682
00.60 27170
00.61 28260
00.62 29346
00.63 30339
00.64 31707
00.65 31814
00.66 33053
00.67 34050
00.68 35012
00.69 36020
00.70 37254
00.71 37973
00.72 38837
00.73 40140
00.74 41204
00.75 42420
00.76 43491
00.77 44338
00.78 45531
00.79 46964
00.80 47880
00.81 48946
00.82 50296
00.83 51663
00.84 52817
00.85 53832
00.86 55139
00.87 56355
00.88 57545
00.89 58821
00.90 60066
00.91 61095
00.92 62679
00.93 63796
00.94 64993
00.95 66766
00.96 68554
00.97 69225
00.98 70728
00.99 71917
01.00 73740
01.01 74511
01.02 76651
01.03 77374
01.04 79139
01.05 80535
01.06 81811
01.07 83601
01.08 85425
01.09 86742
01.10 87999
01.11 90264
01.12 91514
01.13 92688
01.14 93692
01.15 95999
01.16 97666
01.17 99573
01.18 100221
01.19 102431
01.20 104209
01.21 105270
01.22 107582
01.23 109152
01.24 109855
01.25 112080
01.26 113930
01.27 115548
01.28 117812
01.29 120084
01.30 121178
01.31 123259
01.32 125202
01.33 126128
01.34 128221
01.35 131045
01.36 131744
01.37 134392
01.38 134945
01.39 137531
01.40 139345
01.41 141468
01.42 143332
01.43 145237
01.44 147529
01.45 149328
01.46 150942
01.47 152140
01.48 153259
01.49 156391
01.50 157748
01.51 160142
01.52 162672
01.53 164643
01.54 166478
01.55 167862
01.56 170432
01.57 172406
01.58 174468
01.59 177291
01.60 179880
01.61 181284
01.62 183201
01.63 186166
01.64 187163
01.65 189517
01.66 192348
01.67 193468
01.68 196259
01.69 197299
01.70 201037
01.71 202902
01.72 205735
01.73 205888
01.74 209158
01.75 211151
01.76 213916
01.77 216386
01.78 218021
01.79 220277
01.80 222395
01.81 224590
01.82 227721
01.83 229787
01.84 231782
01.85 234415
01.86 236238
01.87 239516
01.88 241789
01.89 243629
01.90 246642
01.91 248627
01.92 250621
01.93 253746
01.94 256607
01.95 258383
01.96 260872
01.97 263708
01.98 264968
01.99 268324
02.00 270673
02.01 272565
02.02 275752
02.03 278279
02.04 280705
02.05 282554
02.06 285305
02.07 287291
02.08 291269
02.09 294077
02.10 294581
02.11 298391
02.12 301304
02.13 303809
02.14 306396
02.15 307902
02.16 311266
02.17 314427
02.18 317479
02.19 318793
02.20 323317
02.21 324400
02.22 327359
02.23 330154
02.24 332815
02.25 335092
02.26 337552
02.27 340859
02.28 344615
02.29 346072
02.30 348491
02.31 351991
02.32 354245
02.33 357890
02.34 359460
02.35 362385
02.36 366706
02.37 369396
02.38 371200
02.39 373674
02.40 377547
02.41 381021
02.42 382028
02.43 386971
02.44 388081
02.45 391666
02.46 395237
02.47 396780
02.48 400247
02.49 402863
02.50 406120
02.51 408940
02.52 411447
02.53 414762
02.54 416781
02.55 421208
02.56 423235
02.57 426188
02.58 427785
02.59 432971
02.60 434516
02.61 438614
02.62 441823
02.63 444564
02.64 447246
02.65 449917
02.66 454508
02.67 456500
02.68 459343
02.69 462737
02.70 465297
02.71 469016
02.72 472298
02.73 474888
02.74 477624
02.75 481776
02.76 483012
02.77 487924
02.78 489908
02.79 493740
02.80 494569
02.81 498572
02.82 502273
02.83 506248
02.84 507763
02.85 512497
02.86 515071
02.87 518521
02.88 521557
02.89 525456
02.90 528624
02.91 531100
02.92 534827
02.93 539120
02.94 540548
02.95 543844
02.96 548293
02.97 551697
02.98 554731
02.99 557921
03.00 559754
03.01 563900
03.02 567328
03.03 570006
03.04 574296
03.05 577050
03.06 581427
03.07 583979
03.08 586387
03.09 588909
03.10 592991
03.11 594812
03.12 599952
03.13 603210
03.14 606478
03.15 611269
03.16 614471
03.17 616899
03.18 621111
03.19 623201
03.20 625463
03.21 631034
03.22 632193
03.23 637250
03.24 640169
03.25 643493
03.26 645654
03.27 650524
03.28 655049
03.29 657299
03.30 661461
03.31 664154
03.32 666695
03.33 671755
03.34 674970
03.35 678692
03.36 681638
03.37 684384
03.38 687471
03.39 691899
03.40 694851
03.41 699832
03.42 703100
03.43 706349
03.44 708802
03.45 713969
03.46 715879
03.47 720182
03.48 725595
03.49 726251
03.50 728228
03.51 733422
03.52 736792
03.53 741710
03.54 745248
03.55 748200
03.56 752072
03.57 754883
03.58 760727
03.59 763169
03.60 766189
03.61 770328
03.62 775221
03.63 776557
03.64 779931
03.65 785004
03.66 788491
03.67 791339
03.68 795676
03.69 800509
03.70 801328
03.71 806929
03.72 811334
03.73 813492
03.74 819346
03.75 819869
03.76 823263
03.77 828937
03.78 831215
03.79 835750
03.80 841014
03.81 842546
03.82 847793
03.83 851180
03.84 854990
03.85 857675
03.86 861660
03.87 864488
03.88 869347
03.89 873369
03.90 876863
03.91 880972
03.92 884321
03.93 885872
03.94 892874
03.95 893636
03.96 899522
03.97 901379
03.98 907487
03.99 909101
04.00 914064
04.01 917007
04.02 922589
04.03 925741
04.04 928755
04.05 933980
04.06 938826
04.07 939746
04.08 944480
04.09 947812
04.10 950875
04.11 956572
04.12 961469
04.13 963374
04.14 968140
04.15 971715
04.16 975740
04.17 979899
04.18 979969
04.19 985476
04.20 989727
04.21 993594
04.22 998298
04.23 1002620
04.24 1005708
04.25 1009367
04.26 1013434
04.27 1017533
04.28 1021575
04.29 1024112
04.30 1030172
04.31 1033705
04.32 1036229
04.33 1040808
04.34 1043252
04.35 1046753
04.36 1051077
04.37 1056023
04.38 1061022
04.39 1065537
04.40 1065612
04.41 1073677
04.42 1074990
04.43 1080000
04.44 1084067
04.45 1086773
04.46 1090342
04.47 1096415
04.48 1098917
04.49 1103413
04.50 1106712
04.51 1109727
04.52 1114078
04.53 1119614
04.54 1123501
04.55 1130242
04.56 1130495
04.57 1133043
04.58 1140251
04.59 1141705
04.60 1145122
04.61 1149211
04.62 1154067
04.63 1159748
04.64 1162362
04.65 1165296
04.66 1169543
04.67 1174792
04.68 1180368
04.69 1181870
04.70 1185398
04.71 1190883
04.72 1194579
04.73 1197487
04.74 1202135
04.75 1205869
04.76 1209732
04.77 1214947
04.78 1217037
04.79 1222120
04.80 1227045
04.81 1229846
04.82 1232325
04.83 1238386
04.84 1241843
04.85 1245172
04.86 1251233
04.87 1254195
04.88 1257069
04.89 1262464
04.90 1266022
04.91 1269679
04.92 1274278
04.93 1275769
04.94 1280977
04.95 1286039
04.96 1290506
04.97 1293330
04.98 1298176
04.99 1303038
05.00 1304097
05.01 1309355
05.02 1312990
05.03 1318106
05.04 1322203
05.05 1327071
05.06 1330087
05.07 1334511
05.08 1339284
05.09 1344343
05.10 1347232
05.11 1350010
05.12 1356002
05.13 1358783
05.14 1363237
05.15 1367820
05.16 1371210
05.17 1374666
05.18 1377753
05.19 1382989
05.20 1387896
05.21 1391055
05.22 1396363
05.23 1401473
05.24 1405647
05.25 1407472
05.26 1414257
05.27 1417932
05.28 1420306
05.29 1423636
05.30 1428661
05.31 1433278
05.32 1435788
05.33 1441024
05.34 1443096
05.35 1448234
05.36 1451829
05.37 1457084
05.38 1460838
05.39 1464569
05.40 1466669
05.41 1476306
05.42 1478168
05.43 1481176
05.44 1485491
05.45 1489425
05.46 1492566
05.47 1499549
05.48 1501630
05.49 1506655
05.50 1510168
05.51 1514344
05.52 1519165
05.53 1520979
05.54 1527872
05.55 1532340
05.56 1532329
05.57 1537722
05.58 1542599
05.59 1546438
05.60 1549570
05.61 1556446
05.62 1559048
05.63 1562867
05.64 1568759
05.65 1572080
05.66 1577434
05.67 1578247
05.68 1584224
05.69 1587228
05.70 1592021
05.71 1597821
05.72 1598601
05.73 1606110
05.74 1610275
05.75 1614557
05.76 1617120
05.77 1623571
05.78 1624000
05.79 1629144
05.80 1632759
05.81 1640063
05.82 1639225
05.83 1646012
05.84 1650945
05.85 1653043
05.86 1659068
05.87 1663278
05.88 1664293
05.89 1671135
05.90 1675139
05.91 1678117
05.92 1683833
05.93 1685542
05.94 1692300
05.95 1694562
05.96 1698546
05.97 1701764
05.98 1707455
05.99 1712752
06.00 1715138
06.01 1720974
06.02 1724915
06.03 1727881
06.04 1733175
06.05 1737964
06.06 1740028
06.07 1743033
06.08 1746809
06.09 1750820
06.10 1754922
06.11 1761143
06.12 1764208
06.13 1767892
06.14 1771487
06.15 1776278
06.16 1779598
06.17 1782729
06.18 1788493
06.19 1791972
06.20 1797294
06.21 1802769
06.22 1804690
06.23 1810334
06.24 1814158
06.25 1817191
06.26 1821945
06.27 1824450
06.28 1830408
06.29 1834978
06.30 1837136
06.31 1843980
06.32 1844552
06.33 1850752
06.34 1854462
06.35 1857075
06.36 1859203
06.37 1864477
06.38 1870406
06.39 1872548
06.40 1879241
06.41 1884655
06.42 1886316
06.43 1890088
06.44 1895126
06.45 1899996
06.46 1902510
06.47 1907086
06.48 1909552
06.49 1913392
06.50 1919875
06.51 1922513
06.52 1925523
06.53 1930426
06.54 1936581
06.55 1936890
06.56 1941932
06.57 1948943
06.58 1950147
06.59 1955316
06.60 1959578
06.61 1964732
06.62 1965433
06.63 1970190
06.64 1976187
06.65 1981567
06.66 1980266
06.67 1986473
06.68 1990043
06.69 1997207
06.70 2000672
06.71 2004384
06.72 2004469
06.73 2014339
06.74 2016792
06.75 2017469
06.76 2025325
06.77 2025380
06.78 2031147
06.79 2034782
06.80 2038424
06.81 2044082
06.82 2048992
06.83 2052179
06.84 2055953
06.85 2061543
06.86 2064198
06.87 2065764
06.88 2071736
06.89 2075094
06.90 2080605
06.91 2084865
06.92 2085053
06.93 2089074
06.94 2095478
06.95 2098844
06.96 2103596
06.97 2108305
06.98 2114370
06.99 2114390
07.00 2118007
07.01 2124926
07.02 2128450
07.03 2131075
07.04 2138247
07.05 2138900
07.06 2140914
07.07 2147203
07.08 2149775
07.09 2153902
07.10 2159689
07.11 2165447
07.12 2166978
07.13 2172426
07.14 2174027
07.15 2178918
07.16 2184036
07.17 2186433
07.18 2191929
07.19 2192082
07.20 2197746
07.21 2203291
07.22 2205727
07.23 2209374
07.24 2213205
07.25 2217470
07.26 2219688
07.27 2225881
07.28 2229662
07.29 2235071
07.30 2237399
07.31 2242578
07.32 2244578
07.33 2248667
07.34 2252155
07.35 2254550
07.36 2259478
07.37 2264842
07.38 2267880
07.39 2273879
07.40 2276418
07.41 2282262
07.42 2281061
07.43 2288206
07.44 2291909
07.45 2295816
07.46 2300429
07.47 2302413
07.48 2306760
07.49 2310475
07.50 2314920
07.51 2319108
07.52 2319998
07.53 2327996
07.54 2328903
07.55 2335948
07.56 2333214
07.57 2340798
07.58 2343691
07.59 2345741
07.60 2352196
07.61 2357728
07.62 2360212
07.63 2363615
07.64 2369925
07.65 2368710
07.66 2377023
07.67 2378134
07.68 2383284
07.69 2389159
07.70 2392205
07.71 2394239
07.72 2399712
07.73 2399457
07.74 2405461
07.75 2408291
07.76 2413540
07.77 2412672
07.78 2421178
07.79 2424821
07.80 2429123
07.81 2428733
07.82 2433528
07.83 2439154
07.84 2442656
07.85 2446729
07.86 2449230
07.87 2452035
07.88 2454427
07.89 2461538
07.90 2464143
07.91 2468979
07.92 2471461
07.93 2477951
07.94 2481080
07.95 2482264
07.96 2486049
07.97 2488672
07.98 2492353
07.99 2497745
08.00 2498540
08.01 2502997
08.02 2510187
08.03 2514507
08.04 2514825
08.05 2518815
08.06 2523454
08.07 2523981
08.08 2529770
08.09 2530984
08.10 2537589
08.11 2541883
08.12 2544856
08.13 2546244
08.14 2551561
08.15 2556078
08.16 2558225
08.17 2563930
08.18 2565712
08.19 2569812
08.20 2575286
08.21 2575802
08.22 2580007
08.23 2583252
08.24 2586872
08.25 2589223
08.26 2594401
08.27 2595467
08.28 2601715
08.29 2606135
08.30 2608285
08.31 2610747
08.32 2618720
08.33 2616092
08.34 2620867
08.35 2627023
08.36 2631141
08.37 2631831
08.38 2635935
08.39 2636604
08.40 2641027
08.41 2648362
08.42 2651095
08.43 2655569
08.44 2655326
08.45 2661254
08.46 2665980
08.47 2666983
08.48 2673083
08.49 2676657
08.50 2679704
08.51 2681874
08.52 2683634
08.53 2689953
08.54 2693166
08.55 2695220
08.56 2699313
08.57 2702775
08.58 2707022
08.59 2709069
08.60 2712780
08.61 2713598
08.62 2717592
08.63 2722544
08.64 2724763
08.65 2730109
08.66 2734446
08.67 2738051
08.68 2739960
08.69 2740486
08.70 2745382
08.71 2753728
08.72 2751677
08.73 2755645
08.74 2761834
08.75 2764347
08.76 2768285
08.77 2769844
08.78 2772257
08.79 2775971
08.80 2782177
08.81 2781112
08.82 2787098
08.83 2787518
08.84 2791234
08.85 2792343
08.86 2800930
08.87 2803069
08.88 2806797
08.89 2808709
08.90 2813106
08.91 2816412
08.92 2817348
08.93 2821428
08.94 2825463
08.95 2829511
08.96 2833941
08.97 2835842
08.98 2837787
08.99 2843739
09.00 2846291
09.01 2848049
09.02 2852127
09.03 2852982
09.04 2859020
09.05 2861573
09.06 2863439
09.07 2869991
09.08 2868883
09.09 2875031
09.10 2878200
09.11 2880065
09.12 2884762
09.13 2887438
09.14 2889540
09.15 2889443
09.16 2895161
09.17 2896532
09.18 2899466
09.19 2902290
09.20 2908370
09.21 2912768
09.22 2913223
09.23 2913700
09.24 2921023
09.25 2923370
09.26 2927961
09.27 2927474
09.28 2935380
09.29 2936008
09.30 2940878
09.31 2941477
09.32 2945817
09.33 2946690
09.34 2953433
09.35 2955514
09.36 2953160
09.37 2958201
09.38 2962108
09.39 2964265
09.40 2971027
09.41 2970653
09.42 2973868
09.43 2974879
09.44 2981533
09.45 2982080
09.46 2988459
09.47 2988881
09.48 2991095
09.49 2997333
09.50 2996719
09.51 2998847
09.52 3004029
09.53 3003975
09.54 3009349
09.55 3013170
09.56 3016393
09.57 3018734
09.58 3019282
09.59 3026221
09.60 3023747
09.61 3026179
09.62 3034856
09.63 3038565
09.64 3038809
09.65 3042247
09.66 3044232
09.67 3045141
09.68 3049480
09.69 3054823
09.70 3056490
09.71 3056498
09.72 3061315
09.73 3062749
09.74 3066244
09.75 3069253
09.76 3073323
09.77 3073616
09.78 3076888
09.79 3081728
09.80 3085191
09.81 3082482
09.82 3087015
09.83 3090455
09.84 3094674
09.85 3094891
09.86 3100841
09.87 3101895
09.88 3105563
09.89 3105630
09.90 3110434
09.91 3117071
09.92 3115427
09.93 3119612
09.94 3124579
09.95 3121717
09.96 3126227
09.97 3129304
09.98 3131037
09.99 3133884
10.00 3139531
10.01 3139759
10.02 3144779
10.03 3146601
10.04 3147351
10.05 3152810
10.06 3152592
10.07 3157450
10.08 3158186
10.09 3163623
10.10 3161847
10.11 3163507
10.12 3167720
10.13 3171321
10.14 3173157
10.15 3176673
10.16 3177429
10.17 3182479
10.18 3186484
10.19 3187093
10.20 3191264
10.21 3192155
10.22 3193535
10.23 3197549
10.24 3200029
10.25 3200547
10.26 3207327
10.27 3207422
10.28 3206948
10.29 3211250
10.30 3215099
10.31 3217665
10.32 3218353
10.33 3220704
10.34 3225750
10.35 3224777
10.36 3227141
10.37 3233415
10.38 3235494
10.39 3239585
10.40 3237461
10.41 3241825
10.42 3243546
10.43 3245472
10.44 3248479
10.45 3247570
10.46 3252736
10.47 3254449
10.48 3254394
10.49 3259777
10.50 3261946
10.51 3261707
10.52 3269108
10.53 3268229
10.54 3269885
10.55 3276326
10.56 3276378
10.57 3275491
10.58 3280463
10.59 3284444
10.60 3283940
10.61 3286876
10.62 3290139
10.63 3287539
10.64 3296137
10.65 3296688
10.66 3301199
10.67 3297997
10.68 3301304
10.69 3304005
10.70 3306138
10.71 3309476
10.72 3312219
10.73 3311378
10.74 3313398
10.75 3320385
10.76 3322765
10.77 3323762
10.78 3322253
10.79 3324512
10.80 3327063
10.81 3330849
10.82 3333412
10.83 3335947
10.84 3337398
10.85 3340205
10.86 3340603
10.87 3345248
10.88 3345323
10.89 3351546
10.90 3352989
10.91 3353644
10.92 3348706
10.93 3355024
10.94 3357971
10.95 3359853
10.96 3363111
10.97 3361824
10.98 3369103
10.99 3371216
11.00 3372709
11.01 3368877
11.02 3376376
11.03 3377911
11.04 3377304
11.05 3381790
11.06 3380136
11.07 3387088
11.08 3387099
11.09 3389061
11.10 3391141
11.11 3393391
11.12 3397110
11.13 3394782
11.14 3396076
11.15 3395975
11.16 3402672
11.17 3404592
11.18 3407724
11.19 3406905
11.20 3408286
11.21 3410623
11.22 3415215
11.23 3414913
11.24 3416771
11.25 3416163
11.26 3419783
11.27 3422829
11.28 3421519
11.29 3425800
11.30 3425734
11.31 3426929
11.32 3432416
11.33 3431932
11.34 3434454
11.35 3434704
11.36 3436462
11.37 3437289
11.38 3439627
11.39 3447398
11.40 3443425
11.41 3445208
11.42 3447129
11.43 3449410
11.44 3452355
11.45 3454289
11.46 3455426
11.47 3453139
11.48 3455889
11.49 3459972
11.50 3461096
11.51 3464659
11.52 3467339
11.53 3464393
11.54 3467283
11.55 3468020
11.56 3471660
11.57 3473999
11.58 3474241
11.59 3475318
11.60 3479940
11.61 3478218
11.62 3480147
11.63 3483160
11.64 3481141
11.65 3486742
11.66 3489351
11.67 3490132
11.68 3489487
11.69 3493207
11.70 3494350
11.71 3493456
11.72 3491365
11.73 3495019
11.74 3498333
11.75 3500336
11.76 3505002
11.77 3507165
11.78 3503071
11.79 3506801
11.80 3506547
11.81 3507945
11.82 3512764
11.83 3511728
11.84 3512014
11.85 3513680
11.86 3512275
11.87 3514836
11.88 3514371
11.89 3522857
11.90 3523819
11.91 3523384
11.92 3524315
11.93 3522614
11.94 3523352
11.95 3526410
11.96 3525198
11.97 3528210
11.98 3530718
11.99 3529424
12.00 3531926
12.01 3533746
12.02 3538081
12.03 3537466
12.04 3536268
12.05 3537769
12.06 3538722
12.07 3541391
12.08 3545880
12.09 3548019
12.10 3547159
12.11 3546395
12.12 3548778
12.13 3547325
12.14 3546238
12.15 3550469
12.16 3551079
12.17 3556787
12.18 3552079
12.19 3553944
12.20 3559620
12.21 3557482
12.22 3560101
12.23 3560666
12.24 3562902
12.25 3560891
12.26 3561033
12.27 3560951
12.28 3564434
12.29 3561420
12.30 3569934
12.31 3567538
12.32 3569491
12.33 3570082
12.34 3568841
12.35 3570055
12.36 3572046
12.37 3576829
12.38 3573743
12.39 3574757
12.40 3577218
12.41 3579054
12.42 3576912
12.43 3577751
12.44 3580223
12.45 3579710
12.46 3582830
12.47 3581707
12.48 3584102
12.49 3584184
12.50 3585740
12.51 3586417
12.52 3586289
12.53 3587312
12.54 3589862
12.55 3588037
12.56 3587453
12.57 3593383
12.58 3590979
12.59 3593339
12.60 3595549
12.61 3594773
12.62 3593638
12.63 3599265
12.64 3601951
12.65 3595161
12.66 3600888
12.67 3596054
12.68 3598988
12.69 3596038
12.70 3600957
12.71 3603532
12.72 3600785
12.73 3603009
12.74 3595572
12.75 3602273
12.76 3608252
12.77 3608048
12.78 3604366
12.79 3607402
12.80 3603528
12.81 3606714
12.82 3606681
12.83 3609566
12.84 3608901
12.85 3607615
12.86 3605068
12.87 3610441
12.88 3611440
12.89 3612739
12.90 3610725
12.91 3611502
12.92 3614870
12.93 3611455
12.94 3614416
12.95 3617126
12.96 3617713
12.97 3611691
12.98 3616973
12.99 3613012
13.00 3616806
13.01 3617742
13.02 3620710
13.03 3618841
13.04 3615908
13.05 3620942
13.06 3621609
13.07 3618475
13.08 3616902
13.09 3619649
13.10 3623064
13.11 3619839
13.12 3619302
13.13 3623492
13.14 3621976
13.15 3623069
13.16 3623375
13.17 3625037
13.18 3619783
13.19 3624044
13.20 3621574
13.21 3624550
13.22 3625383
13.23 3622613
13.24 3623813
13.25 3625990
13.26 3623580
13.27 3625749
13.28 3625826
13.29 3625426
13.30 3623738
13.31 3627311
13.32 3627015
13.33 3625286
13.34 3623755
13.35 3627719
13.36 3622581
13.37 3624103
13.38 3626862
13.39 3624416
13.40 3625912
13.41 3628193
13.42 3625329
13.43 3630537
13.44 3625314
13.45 3626402
13.46 3629771
13.47 3626676
13.48 3626368
13.49 3630080
13.50 3626503
13.51 3626167
13.52 3626211
13.53 3626719
13.54 3631900
13.55 3629662
13.56 3624861
13.57 3627974
13.58 3627554
13.59 3628228
13.60 3626746
13.61 3623617
13.62 3624052
13.63 3623709
13.64 3626529
13.65 3624366
13.66 3627517
13.67 3627107
13.68 3625870
13.69 3624259
13.70 3628651
13.71 3623149
13.72 3621795
13.73 3626469
13.74 3626088
13.75 3623545
13.76 3622166
13.77 3629094
13.78 3622477
13.79 3625126
13.80 3626533
13.81 3624338
13.82 3626461
13.83 3623291
13.84 3619544
13.85 3622307
13.86 3621764
13.87 3621380
13.88 3621002
13.89 3621160
13.90 3618090
13.91 3618466
13.92 3617361
13.93 3620328
13.94 3620154
13.95 3618462
13.96 3617685
13.97 3615313
13.98 3615717
13.99 3614250
14.00 3615897
14.01 3614070
14.02 3612685
14.03 3617312
14.04 3611785
14.05 3616797
14.06 3613227
14.07 3612757
14.08 3613249
14.09 3608552
14.10 3612487
14.11 3613647
14.12 3609391
14.13 3609756
14.14 3607404
14.15 3612054
14.16 3607727
14.17 3604119
14.18 3607937
14.19 3607782
14.20 3605798
14.21 3601606
14.22 3606361
14.23 3604112
14.24 3600327
14.25 3602903
14.26 3599075
14.27 3602009
14.28 3599439
14.29 3600570
14.30 3596901
14.31 3597006
14.32 3599170
14.33 3596242
14.34 3597634
14.35 3594807
14.36 3591852
14.37 3594109
14.38 3595006
14.39 3589352
14.40 3589362
14.41 3589182
14.42 3589203
14.43 3589002
14.44 3589344
14.45 3588962
14.46 3585101
14.47 3586659
14.48 3582562
14.49 3589579
14.50 3584311
14.51 3580817
14.52 3581042
14.53 3581612
14.54 3582308
14.55 3579405
14.56 3578649
14.57 3574276
14.58 3573386
14.59 3572957
14.60 3575924
14.61 3576584
14.62 3574610
14.63 3570469
14.64 3568986
14.65 3568803
14.66 3564713
14.67 3568026
14.68 3567374
14.69 3565758
14.70 3567753
14.71 3561646
14.72 3564214
14.73 3564024
14.74 3559501
14.75 3559167
14.76 3557027
14.77 3560367
14.78 3555740
14.79 3554825
14.80 3554425
14.81 3549823
14.82 3552082
14.83 3548444
14.84 3547360
14.85 3549409
14.86 3545476
14.87 3546183
14.88 3544646
14.89 3543452
14.90 3539507
14.91 3540871
14.92 3541135
14.93 3538989
14.94 3532865
14.95 3537647
14.96 3531720
14.97 3529856
14.98 3533039
14.99 3530445
15.00 3525637
15.01 3522389
15.02 3524596
15.03 3523409
15.04 3523091
15.05 3519107
15.06 3518689
15.07 3521264
15.08 3520357
15.09 3516762
15.10 3517981
15.11 3515070
15.12 3513267
15.13 3513301
15.14 3509731
15.15 3507865
15.16 3506880
15.17 3508969
15.18 3500547
15.19 3501830
15.20 3500461
15.21 3499073
15.22 3497411
15.23 3495396
15.24 3493414
15.25 3492226
15.26 3487905
15.27 3487028
15.28 3488006
15.29 3486596
15.30 3486039
15.31 3483763
15.32 3483259
15.33 3481200
15.34 3479509
15.35 3480681
15.36 3475794
15.37 3474772
15.38 3472369
15.39 3468759
15.40 3468043
15.41 3465556
15.42 3462796
15.43 3465339
15.44 3463068
15.45 3460165
15.46 3461190
15.47 3456845
15.48 3455265
15.49 3454044
15.50 3451132
15.51 3449740
15.52 3446710
15.53 3445535
15.54 3444613
15.55 3443261
15.56 3438468
15.57 3437667
15.58 3435363
15.59 3438336
15.60 3432203
15.61 3433236
15.62 3431856
15.63 3425805
15.64 3427044
15.65 3423978
15.66 3418358
15.67 3420276
15.68 3416573
15.69 3415210
15.70 3414502
15.71 3412034
15.72 3411339
15.73 3411915
15.74 3403946
15.75 3407387
15.76 3401155
15.77 3403030
15.78 3396658
15.79 3398205
15.80 3396707
15.81 3395986
15.82 3393051
15.83 3391308
15.84 3385197
15.85 3383130
15.86 3382298
15.87 3381822
15.88 3377763
15.89 3373709
15.90 3375847
15.91 3371343
15.92 3368342
15.93 3365119
15.94 3365457
15.95 3363097
15.96 3360361
15.97 3356879
15.98 3357208
15.99 3352984
16.00 3353822
16.01 3348104
16.02 3349339
16.03 3346473
16.04 3345851
16.05 3342812
16.06 3337725
16.07 3336695
16.08 3333162
16.09 3332526
16.10 3333180
16.11 3326419
16.12 3323383
16.13 3325179
16.14 3321922
16.15 3318819
16.16 3316151
16.17 3313477
16.18 3313691
16.19 3307980
16.20 3307458
16.21 3306379
16.22 3301208
16.23 3297285
16.24 3296183
16.25 3296191
16.26 3291956
16.27 3288402
16.28 3286970
16.29 3284936
16.30 3281710
16.31 3278403
16.32 3277838
16.33 3276333
16.34 3274502
16.35 3271258
16.36 3272168
16.37 3265376
16.38 3261028
16.39 3258834
16.40 3257649
16.41 3257170
16.42 3252186
16.43 3251625
16.44 3246005
16.45 3245056
16.46 3243977
16.47 3238764
16.48 3238724
16.49 3232166
16.50 3231429
16.51 3225646
16.52 3229971
16.53 3219672
16.54 3220218
16.55 3215574
16.56 3215944
16.57 3211410
16.58 3209133
16.59 3207905
16.60 3205437
16.61 3205618
16.62 3199460
16.63 3196692
16.64 3194331
16.65 3193663
16.66 3191028
16.67 3186017
16.68 3181245
16.69 3179596
16.70 3175795
16.71 3172060
16.72 3171399
16.73 3171535
16.74 3163206
16.75 3163130
16.76 3160609
16.77 3158306
16.78 3153174
16.79 3149446
16.80 3144911
16.81 3145747
16.82 3140484
16.83 3139952
16.84 3138894
16.85 3133135
16.86 3130853
16.87 3125436
16.88 3124783
16.89 3126925
16.90 3121937
16.91 3114498
16.92 3112864
16.93 3107811
16.94 3106193
16.95 3103895
16.96 3101500
16.97 3094955
16.98 3092059
16.99 3091575
17.00 3090333
17.01 3087406
17.02 3081525
17.03 3076195
17.04 3073896
17.05 3072288
17.06 3065611
17.07 3066905
17.08 3063733
17.09 3062819
17.10 3058908
17.11 3053081
17.12 3051628
17.13 3048103
17.14 3047007
17.15 3041636
17.16 3040185
17.17 3035245
17.18 3029690
17.19 3029813
17.20 3023994
17.21 3024327
17.22 3019715
17.23 3014128
17.24 3013841
17.25 3004703
17.26 3007699
17.27 3003710
17.28 2997131
17.29 2998681
17.30 2990356
17.31 2989248
17.32 2987531
17.33 2983039
17.34 2979616
17.35 2975561
17.36 2974461
17.37 2968024
17.38 2964689
17.39 2963418
17.40 2958608
17.41 2954214
17.42 2954825
17.43 2945246
17.44 2944506
17.45 2944920
17.46 2939155
17.47 2932828
17.48 2930993
17.49 2925368
17.50 2924002
17.51 2920465
17.52 2918359
17.53 2912349
17.54 2912804
17.55 2906708
17.56 2903715
17.57 2897992
17.58 2897286
17.59 2890916
17.60 2888090
17.61 2882474
17.62 2882055
17.63 2872859
17.64 2873366
17.65 2866550
17.66 2866172
17.67 2863192
17.68 2859407
17.69 2857045
17.70 2853018
17.71 2846749
17.72 2843091
17.73 2838744
17.74 2835100
17.75 2831643
17.76 2830060
17.77 2825903
17.78 2823407
17.79 2817582
17.80 2815387
17.81 2808307
17.82 2807034
17.83 2800988
17.84 2801595
17.85 2796817
17.86 2787316
17.87 2788562
17.88 2780808
17.89 2776927
17.90 2779755
17.91 2770971
17.92 2767102
17.93 2761576
17.94 2760564
17.95 2755496
17.96 2749859
17.97 2748859
17.98 2742735
17.99 2743285
18.00 2735609
18.01 2731676
18.02 2727450
18.03 2725230
18.04 2722240
18.05 2713889
18.06 2713698
18.07 2709286
18.08 2701409
18.09 2701050
18.10 2699681
18.11 2692958
18.12 2689948
18.13 2682161
18.14 2680214
18.15 2677669
18.16 2671763
18.17 2672183
18.18 2664680
18.19 2660406
18.20 2655068
18.21 2651174
18.22 2648593
18.23 2645816
18.24 2641228
18.25 2634700
18.26 2631652
18.27 2627340
18.28 2626974
18.29 2617667
18.30 2614049
18.31 2611010
18.32 2608335
18.33 2600435
18.34 2596064
18.35 2592941
18.36 2584691
18.37 2585612
18.38 2582439
18.39 2574299
18.40 2573756
18.41 2566523
18.42 2562557
18.43 2562351
18.44 2556029
18.45 2552903
18.46 2547754
18.47 2542176
18.48 2535207
18.49 2532054
18.50 2528062
18.51 2527833
18.52 2519215
18.53 2513059
18.54 2512027
18.55 2505321
18.56 2501378
18.57 2497456
18.58 2493849
18.59 2485656
18.60 2487442
18.61 2482982
18.62 2473875
18.63 2473663
18.64 2468322
18.65 2461475
18.66 2457881
18.67 2454303
18.68 2448929
18.69 2443091
18.70 2440349
18.71 2436714
18.72 2428298
18.73 2425884
18.74 2421872
18.75 2419657
18.76 2414830
18.77 2406519
18.78 2404443
18.79 2396762
18.80 2395459
18.81 2387906
18.82 2386486
18.83 2380450
18.84 2377804
18.85 2371926
18.86 2362938
18.87 2363909
18.88 2359525
18.89 2353384
18.90 2347589
18.91 2342579
18.92 2340821
18.93 2334632
18.94 2330760
18.95 2324841
18.96 2318768
18.97 2311817
18.98 2313794
18.99 2304424
19.00 2299788
19.01 2296825
19.02 2295780
19.03 2286071
19.04 2281668
19.05 2279426
19.06 2273918
19.07 2268210
19.08 2260269
19.09 2256681
19.10 2249783
19.11 2248893
19.12 2243325
19.13 2239836
19.14 2232928
19.15 2228396
19.16 2225812
19.17 2221171
19.18 2216820
19.19 2210990
19.20 2206087
19.21 2200057
19.22 2195052
19.23 2189384
19.24 2184068
19.25 2179229
19.26 2177845
19.27 2169374
19.28 2165206
19.29 2158133
19.30 2156047
19.31 2150605
19.32 2147385
19.33 2138551
19.34 2133335
19.35 2130091
19.36 2124446
19.37 2119428
19.38 2113071
19.39 2110484
19.40 2102837
19.41 2098711
19.42 2095496
19.43 2087477
19.44 2085121
19.45 2080090
19.46 2075087
19.47 2069419
19.48 2063077
19.49 2059059
19.50 2053257
19.51 2046561
19.52 2042751
19.53 2037723
19.54 2032796
19.55 2025928
19.56 2018728
19.57 2018320
19.58 2013193
19.59 2005712
19.60 2001448
19.61 1996394
19.62 1990213
19.63 1986095
19.64 1982750
19.65 1974583
19.66 1971191
19.67 1963502
19.68 1958662
19.69 1955332
19.70 1948969
19.71 1943704
19.72 1934933
19.73 1933558
19.74 1930159
19.75 1922462
19.76 1917336
19.77 1911983
19.78 1902863
19.79 1899088
19.80 1897097
19.81 1890966
19.82 1885465
19.83 1877977
19.84 1875232
19.85 1867806
19.86 1863406
19.87 1859561
19.88 1851368
19.89 1847132
19.90 1840309
19.91 1836582
19.92 1827213
19.93 1827261
19.94 1821426
19.95 1814171
19.96 1807987
19.97 1802281
19.98 1796178
19.99 1792681
20.00 1784863
20.01 1781970
20.02 1774772
20.03 1768303
20.04 1767552
20.05 1758527
20.06 1754086
20.07 1749870
20.08 1741624
20.09 1736341
20.10 1732796
20.11 1727930
20.12 1721230
20.13 1716242
20.14 1709830
20.15 1703751
20.16 1699312
20.17 1693418
20.18 1690025
20.19 1684782
20.20 1679114
20.21 1672097
20.22 1666530
20.23 1663506
20.24 1659810
20.25 1653630
20.26 1646715
20.27 1642604
20.28 1637924
20.29 1633978
20.30 1626928
20.31 1621628
20.32 1615684
20.33 1612840
20.34 1606181
20.35 1601845
20.36 1594914
20.37 1592437
20.38 1584101
20.39 1581317
20.40 1575518
20.41 1569493
20.42 1565392
20.43 1559705
20.44 1556677
20.45 1553695
20.46 1547632
20.47 1541635
20.48 1537042
20.49 1531940
20.50 1528265
20.51 1519770
20.52 1517953
20.53 1512426
20.54 1506699
20.55 1501154
20.56 1495289
20.57 1495273
20.58 1486887
20.59 1483845
20.60 1479102
20.61 1472794
20.62 1468300
20.63 1466207
20.64 1460204
20.65 1452561
20.66 1449588
20.67 1442119
20.68 1442056
20.69 1435419
20.70 1432374
20.71 1424283
20.72 1425622
20.73 1417171
20.74 1414607
20.75 1407678
20.76 1402782
20.77 1399899
20.78 1394050
20.79 1387960
20.80 1387146
20.81 1379725
20.82 1372205
20.83 1371550
20.84 1367172
20.85 1363276
20.86 1357693
20.87 1352031
20.88 1350253
20.89 1344219
20.90 1340172
20.91 1334982
20.92 1329245
20.93 1327492
20.94 1322658
20.95 1317863
20.96 1310165
20.97 1309054
20.98 1304619
20.99 1299596
21.00 1297400
21.01 1289706
21.02 1288164
21.03 1283464
21.04 1277058
21.05 1274669
21.06 1270518
21.07 1263116
21.08 1261008
21.09 1258227
21.10 1254081
21.11 1249601
21.12 1243886
21.13 1241461
21.14 1236340
21.15 1230364
21.16 1228578
21.17 1223543
21.18 1218727
21.19 1215551
21.20 1209843
21.21 1207833
21.22 1200568
21.23 1197424
21.24 1193777
21.25 1189331
21.26 1187124
21.27 1182298
21.28 1177957
21.29 1174064
21.30 1167834
21.31 1166894
21.32 1161355
21.33 1157371
21.34 1151949
21.35 1151070
21.36 1142732
21.37 1141170
21.38 1137572
21.39 1132128
21.40 1129169
21.41 1126687
21.42 1122724
21.43 1118444
21.44 1114674
21.45 1109335
21.46 1106517
21.47 1101424
21.48 1096588
21.49 1094225
21.50 1090264
21.51 1085816
21.52 1082743
21.53 1078725
21.54 1072728
21.55 1070793
21.56 1066625
21.57 1062838
21.58 1058140
21.59 1055389
21.60 1050575
21.61 1047273
21.62 1043890
21.63 1040444
21.64 1037257
21.65 1033007
21.66 1029381
21.67 1024671
21.68 1020568
21.69 1017426
21.70 1013717
21.71 1011658
21.72 1006696
21.73 1004836
21.74 1001172
21.75 996344
21.76 992148
21.77 988773
21.78 985586
21.79 983826
21.80 978821
21.81 973632
21.82 970382
21.83 969022
21.84 963074
21.85 960889
21.86 955911
21.87 952244
21.88 949452
21.89 946851
21.90 942608
21.91 939468
21.92 935278
21.93 932217
21.94 927948
21.95 923763
21.96 922358
21.97 917699
21.98 913291
21.99 909958
22.00 908325
22.01 904726
22.02 901734
22.03 898461
22.04 893212
22.05 889736
22.06 887997
22.07 883882
22.08 881308
22.09 877069
22.10 873909
22.11 871239
22.12 867230
22.13 863057
22.14 862410
22.15 857479
22.16 855210
22.17 851509
22.18 847969
22.19 844119
22.20 838988
22.21 836832
22.22 833704
22.23 833031
22.24 826810
22.25 824441
22.26 820060
22.27 817445
22.28 816202
22.29 811988
22.30 807579
22.31 808164
22.32 801624
22.33 799746
22.34 795550
22.35 793540
22.36 788040
22.37 786213
22.38 783702
22.39 779163
22.40 777214
22.41 773065
22.42 771803
22.43 768833
22.44 765857
22.45 762373
22.46 759742
22.47 755456
22.48 753180
22.49 750419
22.50 747219
22.51 743336
22.52 740631
22.53 739344
22.54 736252
22.55 732084
22.56 728505
22.57 725915
22.58 722629
22.59 720721
22.60 717150
22.61 714534
22.62 710106
22.63 708501
22.64 705873
22.65 702930
22.66 700426
22.67 697863
22.68 693768
22.69 691677
22.70 689617
22.71 686848
22.72 682931
22.73 681485
22.74 676685
22.75 674345
22.76 670988
22.77 668831
22.78 665362
22.79 665040
22.80 660873
22.81 658451
22.82 654387
22.83 651254
22.84 650358
22.85 647103
22.86 642006
22.87 642037
22.88 639170
22.89 635648
22.90 632715
22.91 630122
22.92 625558
22.93 622939
22.94 622377
22.95 620196
22.96 616766
22.97 614876
22.98 611829
22.99 609986
23.00 606966
23.01 605287
23.02 602441
23.03 598741
23.04 596065
23.05 592696
23.06 589889
23.07 586250
23.08 585156
23.09 582990
23.10 580004
23.11 579040
23.12 575546
23.13 573874
23.14 571072
23.15 568204
23.16 565418
23.17 562931
23.18 561446
23.19 557937
23.20 555753
23.21 553847
23.22 551022
23.23 548623
23.24 546201
23.25 544763
23.26 541692
23.27 538855
23.28 536474
23.29 534651
23.30 531375
23.31 529495
23.32 525792
23.33 523823
23.34 521813
23.35 519287
23.36 518250
23.37 514868
23.38 513240
23.39 510548
23.40 508493
23.41 505483
23.42 503192
23.43 500626
23.44 498237
23.45 496688
23.46 494309
23.47 493113
23.48 490133
23.49 487799
23.50 483771
23.51 481945
23.52 481326
23.53 479438
23.54 476777
23.55 474148
23.56 472335
23.57 468795
23.58 468028
23.59 465415
23.60 463325
23.61 461925
23.62 459031
23.63 456250
23.64 455335
23.65 451887
23.66 451080
23.67 448752
23.68 446685
23.69 443463
23.70 441961
23.71 437761
23.72 437298
23.73 435336
23.74 434129
23.75 431681
23.76 429822
23.77 426205
23.78 424954
23.79 423235
23.80 420458
23.81 419005
23.82 417280
23.83 415210
23.84 413041
23.85 410991
23.86 408672
23.87 407103
23.88 404912
23.89 402190
23.90 400194
23.91 398007
23.92 396589
23.93 395584
23.94 394056
23.95 392172
23.96 390431
23.97 386534
23.98 385379
23.99 383431
24.00 381362
24.01 379804
24.02 377509
24.03 377306
24.04 374853
24.05 371175
24.06 369900
24.07 368605
24.08 366451
24.09 364548
24.10 363666
24.11 360532
24.12 358393
24.13 357620
24.14 355551
24.15 354553
24.16 352558
24.17 349948
24.18 348647
24.19 346980
24.20 344855
24.21 342752
24.22 341744
24.23 339866
24.24 337723
24.25 335833
24.26 335728
24.27 332657
24.28 330310
24.29 329379
24.30 327397
24.31 325829
24.32 323941
24.33 322630
24.34 320370
24.35 318879
24.36 317620
24.37 315398
24.38 313783
24.39 312793
24.40 310532
24.41 309689
24.42 307092
24.43 305545
24.44 303447
24.45 303048
24.46 300520
24.47 298494
24.48 297356
24.49 296636
24.50 295042
24.51 293628
24.52 291386
24.53 290808
24.54 288078
24.55 286507
24.56 285828
24.57 282808
24.58 282095
24.59 280131
24.60 278661
24.61 278014
24.62 276327
24.63 274483
24.64 271730
24.65 271692
24.66 269643
24.67 269124
24.68 266716
24.69 265874
24.70 263704
24.71 262985
24.72 260970
24.73 259541
24.74 258121
24.75 256857
24.76 255456
24.77 253764
24.78 252018
24.79 251002
24.80 249199
24.81 248011
24.82 246979
24.83 245628
24.84 244038
24.85 242896
24.86 241081
24.87 239870
24.88 238228
24.89 237194
24.90 235419
24.91 235022
24.92 232218
24.93 231834
24.94 230871
24.95 228823
24.96 228282
24.97 227190
24.98 224747
24.99 223177
25.00 222678
25.01 221339
25.02 219939
25.03 218724
25.04 216674
25.05 216294
25.06 214554
25.07 212649
25.08 211567
25.09 211228
25.10 210475
25.11 208145
25.12 207434
25.13 205109
25.14 206361
25.15 203259
25.16 202486
25.17 200546
25.18 199943
25.19 199418
25.20 197478
25.21 195871
25.22 195788
25.23 194201
25.24 193205
25.25 191424
25.26 191541
25.27 189969
25.28 188352
25.29 186908
25.30 185136
25.31 185121
25.32 183652
25.33 182345
25.34 180892
25.35 179858
25.36 179177
25.37 177217
25.38 176978
25.39 175707
25.40 175211
25.41 173373
25.42 171883
25.43 170753
25.44 170317
25.45 170099
25.46 168642
25.47 167681
25.48 166290
25.49 165964
25.50 164201
25.51 162639
25.52 162441
25.53 161474
25.54 160498
25.55 158730
25.56 158109
25.57 157200
25.58 156232
25.59 154871
25.60 154165
25.61 153383
25.62 152183
25.63 151101
25.64 150302
25.65 148783
25.66 148396
25.67 147297
25.68 146062
25.69 145165
25.70 144569
25.71 143657
25.72 142386
25.73 141849
25.74 140455
25.75 139726
25.76 138723
25.77 137989
25.78 136892
25.79 136235
25.80 134678
25.81 134413
25.82 133338
25.83 132620
25.84 131130
25.85 130050
25.86 129409
25.87 129257
25.88 128298
25.89 127549
25.90 126512
25.91 125312
25.92 124479
25.93 124104
25.94 122884
25.95 122398
25.96 121257
25.97 121060
25.98 120324
25.99 119207
26.00 118672
26.01 117381
26.02 116075
26.03 115766
26.04 114030
26.05 114350
26.06 112761
26.07 112473
26.08 111511
26.09 110724
26.10 110350
26.11 109863
26.12 108689
26.13 107907
26.14 107053
26.15 106379
26.16 105210
26.17 104417
26.18 104045
26.19 103444
26.20 102652
26.21 102091
26.22 101724
26.23 100674
26.24 99809
26.25 98948
26.26 98137
26.27 97950
26.28 96495
26.29 95980
26.30 95325
26.31 94938
26.32 94343
26.33 92908
26.34 93031
26.35 92053
26.36 91750
26.37 90406
26.38 90296
26.39 90353
26.40 89213
26.41 88007
26.42 87559
26.43 86970
26.44 86503
26.45 85532
26.46 84522
26.47 84747
26.48 83934
26.49 83494
26.50 82381
26.51 81804
26.52 81050
26.53 80450
26.54 80232
26.55 79732
26.56 79062
26.57 78256
26.58 77680
26.59 77178
26.60 76251
26.61 75955
26.62 75660
26.63 75073
26.64 73927
26.65 73337
26.66 73432
26.67 72465
26.68 72443
26.69 71708
26.70 70637
26.71 70169
26.72 70060
26.73 69470
26.74 68403
26.75 68341
26.76 67852
26.77 67023
26.78 66255
26.79 65737
26.80 65450
26.81 65091
26.82 64621
26.83 64313
26.84 63118
26.85 63273
26.86 62389
26.87 62493
26.88 61595
26.89 61821
26.90 60664
26.91 60075
26.92 59954
26.93 59306
26.94 58542
26.95 58210
26.96 58133
26.97 57151
26.98 56639
26.99 56447
27.00 55964
27.01 55485
27.02 55526
27.03 54613
27.04 54400
27.05 53810
27.06 53220
27.07 53022
27.08 52477
27.09 51910
27.10 52027
27.11 51395
27.12 51107
27.13 50404
27.14 50378
27.15 49850
27.16 49393
27.17 48873
27.18 48745
27.19 48176
27.20 47806
27.21 47383
27.22 47097
27.23 46630
27.24 46141
27.25 46002
27.26 45798
27.27 45322
27.28 45204
27.29 44464
27.30 43972
27.31 43115
27.32 43085
27.33 42778
27.34 42500
27.35 42171
27.36 42009
27.37 41199
27.38 41486
27.39 41217
27.40 40138
27.41 40443
27.42 39888
27.43 39643
27.44 39023
27.45 38593
27.46 38663
27.47 38417
27.48 37890
27.49 37501
27.50 37434
27.51 36967
27.52 36474
27.53 36780
27.54 36021
27.55 35449
27.56 35190
27.57 35023
27.58 34929
27.59 34411
27.60 34270
27.61 33786
27.62 33541
27.63 33102
27.64 32904
27.65 32991
27.66 32529
27.67 32350
27.68 31679
27.69 31613
27.70 31626
27.71 31211
27.72 30987
27.73 30730
27.74 30276
27.75 30127
27.76 29876
27.77 29470
27.78 29623
27.79 28822
27.80 28940
27.81 28418
27.82 28262
27.83 28005
27.84 27673
27.85 27537
27.86 27268
27.87 27593
27.88 27336
27.89 26776
27.90 26294
27.91 26214
27.92 25738
27.93 25467
27.94 25465
27.95 25495
27.96 24875
27.97 24828
27.98 24433
27.99 24536
28.00 24026
28.01 23967
28.02 23728
28.03 24016
28.04 23374
28.05 23438
28.06 23158
28.07 22736
28.08 22810
28.09 22207
28.10 22436
28.11 22156
28.12 21689
28.13 21743
28.14 21179
28.15 21123
28.16 21024
28.17 20760
28.18 20673
28.19 20622
28.20 20062
28.21 20201
28.22 19763
28.23 19753
28.24 19546
28.25 19344
28.26 19299
28.27 19221
28.28 19137
28.29 18906
28.30 18288
28.31 18525
28.32 18058
28.33 18087
28.34 17839
28.35 17590
28.36 17581
28.37 17369
28.38 17258
28.39 17252
28.40 17221
28.41 16809
28.42 16790
28.43 16618
28.44 16387
28.45 16252
28.46 16314
28.47 16281
28.48 15809
28.49 15622
28.50 15526
28.51 15433
28.52 15209
28.53 15258
28.54 15139
28.55 14921
28.56 14768
28.57 14500
28.58 14324
28.59 14398
28.60 14310
28.61 14044
28.62 13789
28.63 13728
28.64 13496
28.65 13522
28.66 13224
28.67 13071
28.68 13059
28.69 12941
28.70 12950
28.71 12875
28.72 12595
28.73 12535
28.74 12432
28.75 12304
28.76 12097
28.77 12027
28.78 11903
28.79 11853
28.80 11953
28.81 11565
28.82 11660
28.83 11303
28.84 11285
28.85 11211
28.86 11120
28.87 10978
28.88 10933
28.89 10800
28.90 10711
28.91 10551
28.92 10624
28.93 10294
28.94 10201
28.95 10147
28.96 10076
28.97 10031
28.98 9868
28.99 9786
29.00 9706
29.01 9412
29.02 9396
29.03 9346
29.04 9308
29.05 9185
29.06 9182
29.07 9068
29.08 8996
29.09 8975
29.10 8725
29.11 8841
29.12 8566
29.13 8384
29.14 8340
29.15 8481
29.16 8392
29.17 8121
29.18 8115
29.19 8032
29.20 7945
29.21 7704
29.22 7762
29.23 7558
29.24 7680
29.25 7595
29.26 7394
29.27 7669
29.28 7255
29.29 7274
29.30 7094
29.31 7074
29.32 7156
29.33 6950
29.34 6832
29.35 6876
29.36 6722
29.37 6680
29.38 6760
29.39 6627
29.40 6421
29.41 6384
29.42 6460
29.43 6355
29.44 6247
29.45 6021
29.46 6098
29.47 6042
29.48 5970
29.49 5803
29.50 5875
29.51 5786
29.52 5559
29.53 5663
29.54 5601
29.55 5553
29.56 5521
29.57 5368
29.58 5226
29.59 5304
29.60 5275
29.61 5301
29.62 5220
29.63 5013
29.64 5017
29.65 4901
29.66 4847
29.67 4852
29.68 4870
29.69 4635
29.70 4635
29.71 4561
29.72 4459
29.73 4489
29.74 4506
29.75 4462
29.76 4389
29.77 4406
29.78 4235
29.79 4409
29.80 4189
29.81 4167
29.82 4082
29.83 4015
29.84 4021
29.85 3901
29.86 3997
29.87 3939
29.88 3778
29.89 3768
29.90 3846
29.91 3786
29.92 3689
29.93 3652
29.94 3660
29.95 3616
29.96 3557
29.97 3396
29.98 3455
29.99 3321
30.00 3341
30.01 3382
30.02 3230
30.03 3230
30.04 3192
30.05 3064
30.06 2997
30.07 3089
30.08 3015
30.09 2979
30.10 3000
30.11 2893
30.12 2841
30.13 2864
30.14 2775
30.15 2793
30.16 2693
30.17 2797
30.18 2728
30.19 2660
30.20 2783
30.21 2651
30.22 2537
30.23 2475
30.24 2545
30.25 2541
30.26 2464
30.27 2454
30.28 2414
30.29 2311
30.30 2273
30.31 2270
30.32 2279
30.33 2190
30.34 2286
30.35 2204
30.36 2127
30.37 2197
30.38 2053
30.39 2113
30.40 2082
30.41 1988
30.42 2041
30.43 2004
30.44 1969
30.45 1932
30.46 1898
30.47 1765
30.48 1822
30.49 1854
30.50 1786
30.51 1803
30.52 1754
30.53 1764
30.54 1678
30.55 1640
30.56 1648
30.57 1557
30.58 1574
30.59 1587
30.60 1567
30.61 1517
30.62 1539
30.63 1473
30.64 1463
30.65 1575
30.66 1442
30.67 1480
30.68 1370
30.69 1430
30.70 1373
30.71 1379
30.72 1358
30.73 1322
30.74 1292
30.75 1258
30.76 1251
30.77 1197
30.78 1272
30.79 1242
30.80 1186
30.81 1183
30.82 1165
30.83 1150
30.84 1113
30.85 1164
30.86 1058
30.87 1076
30.88 1040
30.89 1009
30.90 978
30.91 1062
30.92 1017
30.93 1001
30.94 928
30.95 981
30.96 943
30.97 968
30.98 893
30.99 887
31.00 875
31.01 876
31.02 903
31.03 855
31.04 777
31.05 876
31.06 764
31.07 779
31.08 840
31.09 826
31.10 798
31.11 774
31.12 751
31.13 732
31.14 749
31.15 710
31.16 743
31.17 702
31.18 707
31.19 665
31.20 668
31.21 648
31.22 698
31.23 649
31.24 587
31.25 644
31.26 593
31.27 607
31.28 589
31.29 541
31.30 544
31.31 517
31.32 540
31.33 538
31.34 536
31.35 587
31.36 523
31.37 521
31.38 504
31.39 471
31.40 442
31.41 444
31.42 471
31.43 450
31.44 454
31.45 440
31.46 406
31.47 437
31.48 420
31.49 429
31.50 433
31.51 422
31.52 398
31.53 419
31.54 384
31.55 357
31.56 339
31.57 369
31.58 389
31.59 371
31.60 310
31.61 366
31.62 309
31.63 306
31.64 298
31.65 295
31.66 301
31.67 310
31.68 299
31.69 284
31.70 310
31.71 271
31.72 261
31.73 268
31.74 254
31.75 259
31.76 207
31.77 231
31.78 236
31.79 234
31.80 217
31.81 220
31.82 235
31.83 248
31.84 201
31.85 186
31.86 227
31.87 222
31.88 176
31.89 218
31.90 207
31.91 184
31.92 208
31.93 158
31.94 181
31.95 211
31.96 175
31.97 168
31.98 161
31.99 139
32.00 171
32.01 159
32.02 165
32.03 160
32.04 145
32.05 140
32.06 145
32.07 128
32.08 116
32.09 116
32.10 113
32.11 121
32.12 128
32.13 115
32.14 110
32.15 103
32.16 109
32.17 94
32.18 96
32.19 90
32.20 80
32.21 99
32.22 88
32.23 74
32.24 80
32.25 99
32.26 74
32.27 101
32.28 82
32.29 72
32.30 68
32.31 79
32.32 72
32.33 65
32.34 73
32.35 72
32.36 75
32.37 60
32.38 71
32.39 64
32.40 64
32.41 65
32.42 52
32.43 65
32.44 68
32.45 62
32.46 59
32.47 51
32.48 56
32.49 64
32.50 41
32.51 46
32.52 44
32.53 52
32.54 47
32.55 46
32.56 49
32.57 36
32.58 51
32.59 50
32.60 43
32.61 34
32.62 35
32.63 40
32.64 38
32.65 25
32.66 25
32.67 36
32.68 35
32.69 39
32.70 36
32.71 27
32.72 27
32.73 31
32.74 29
32.75 32
32.76 28
32.77 25
32.78 28
32.79 19
32.80 20
32.81 25
32.82 19
32.83 18
32.84 14
32.85 19
32.86 24
32.87 17
32.88 15
32.89 20
32.90 11
32.91 19
32.92 17
32.93 16
32.94 12
32.95 12
32.96 10
32.97 19
32.98 15
32.99 13
33.00 7
33.01 13
33.02 10
33.03 11
33.04 5
33.05 12
33.06 11
33.07 9
33.08 7
33.09 4
33.10 7
33.11 12
33.12 3
33.13 4
33.14 7
33.15 11
33.16 11
33.17 9
33.18 5
33.19 8
33.20 7
33.21 4
33.22 12
33.23 4
33.24 5
33.25 6
33.26 2
33.27 5
33.28 3
33.29 3
33.30 3
33.31 3
33.32 7
33.33 7
33.34 5
33.35 8
33.36 2
33.37 2
33.39 7
33.40 1
33.41 2
33.42 2
33.43 1
33.44 1
33.45 5
33.48 5
33.50 2
33.51 1
33.52 3
33.54 2
33.57 1
33.58 1
33.61 2
33.62 2
33.63 1
33.64 3
33.65 2
33.66 1
33.67 2
33.68 2
33.69 2
33.78 1
33.81 1
33.83 1
33.87 1
33.92 1
34.15 1
